Bad Matrix:
Jacobian:[
  [-1.56518e+12, 1.35335e+12, 1.83156e+11, 2.47875e+10, 3.35463e+09, 4.53999e+08, 6.14421e+07, 8.31529e+06, 1.12535e+06],
  [1.35335e+12, -2.91853e+12, 1.35335e+12, 1.83156e+11, 2.47875e+10, 3.35463e+09, 4.53999e+08, 6.14421e+07, 8.31529e+06],
  [1.83156e+11, 1.35335e+12, -3.10168e+12, 1.35335e+12, 1.83156e+11, 2.47875e+10, 3.35463e+09, 4.53999e+08, 6.14421e+07],
  [2.47875e+10, 1.83156e+11, 1.35335e+12, -3.1264e+12, 1.35335e+12, 1.83156e+11, 2.47875e+10, 3.35463e+09, 4.53999e+08],
  [3.35463e+09, 2.47875e+10, 1.83156e+11, 1.35335e+12, -3.1293e+12, 1.35335e+12, 1.83156e+11, 2.47875e+10, 3.35463e+09],
  [4.53999e+08, 3.35463e+09, 2.47875e+10, 1.83156e+11, 1.35335e+12, -3.1264e+12, 1.35335e+12, 1.83156e+11, 2.47875e+10],
  [6.14421e+07, 4.53999e+08, 3.35463e+09, 2.47875e+10, 1.83156e+11, 1.35335e+12, -3.10168e+12, 1.35335e+12, 1.83156e+11],
  [8.31529e+06, 6.14421e+07, 4.53999e+08, 3.35463e+09, 2.47875e+10, 1.83156e+11, 1.35335e+12, -2.91853e+12, 1.35335e+12],
  [1.12535e+06, 8.31529e+06, 6.14421e+07, 4.53999e+08, 3.35463e+09, 2.47875e+10, 1.83156e+11, 1.35335e+12, -1.56518e+12]
]
[5.96046e-08, 1.41077e-21, -1.19209e-07, -5.96046e-08, 5.96046e-08, 1.41077e-21, -5.96046e-08, 1.41077e-21, 1.41077e-21]
RREF-Jacobian:[
  [1, -0.864665, -0.11702, -0.0158369, -0.00214329, -0.000290063, -3.92557e-05, -5.31268e-06, -7.18994e-07],
  [0, 1, -0.864665, -0.11702, -0.0158369, -0.00214329, -0.000290063, -3.92558e-05, -5.31269e-06],
  [0, 0, 1, -0.86467, -0.11702, -0.015837, -0.0021433, -0.000290064, -3.9256e-05],
  [0, 0, 0, 1, -0.864704, -0.117025, -0.0158376, -0.00214339, -0.000290076],
  [0, 0, 0, 0, 1, -0.864955, -0.117059, -0.0158422, -0.00214401],
  [0, 0, 0, 0, 0, 1, -0.866813, -0.11731, -0.0158762],
  [0, 0, 0, 0, 0, 0, 1, -0.880797, -0.119203],
  [0, 0, 0, 0, 0, 0, 0, 1, -1],
  [0, 0, 0, 0, 0, 0, 0, 0, 0]
]
