Running tests:
[
  [-1.56518e+12, 1.35335e+12, 1.83156e+11, 2.47875e+10, 3.35463e+09, 4.53999e+08, 6.14421e+07, 8.31529e+06, 1.12535e+06],
  [1.35335e+12, -2.91853e+12, 1.35335e+12, 1.83156e+11, 2.47875e+10, 3.35463e+09, 4.53999e+08, 6.14421e+07, 8.31529e+06],
  [1.83156e+11, 1.35335e+12, -3.10168e+12, 1.35335e+12, 1.83156e+11, 2.47875e+10, 3.35463e+09, 4.53999e+08, 6.14421e+07],
  [2.47875e+10, 1.83156e+11, 1.35335e+12, -3.1264e+12, 1.35335e+12, 1.83156e+11, 2.47875e+10, 3.35463e+09, 4.53999e+08],
  [3.35463e+09, 2.47875e+10, 1.83156e+11, 1.35335e+12, -3.1293e+12, 1.35335e+12, 1.83156e+11, 2.47875e+10, 3.35463e+09],
  [4.53999e+08, 3.35463e+09, 2.47875e+10, 1.83156e+11, 1.35335e+12, -3.1264e+12, 1.35335e+12, 1.83156e+11, 2.47875e+10],
  [6.14421e+07, 4.53999e+08, 3.35463e+09, 2.47875e+10, 1.83156e+11, 1.35335e+12, -3.10168e+12, 1.35335e+12, 1.83156e+11],
  [8.31529e+06, 6.14421e+07, 4.53999e+08, 3.35463e+09, 2.47875e+10, 1.83156e+11, 1.35335e+12, -2.91853e+12, 1.35335e+12],
  [1.12535e+06, 8.31529e+06, 6.14421e+07, 4.53999e+08, 3.35463e+09, 2.47875e+10, 1.83156e+11, 1.35335e+12, -1.56518e+12]
]
[5.96046e-08, 1.41077e-21, -1.19209e-07, -5.96046e-08, 5.96046e-08, 1.41077e-21, -5.96046e-08, 1.41077e-21, 1.41077e-21]
[-3.80816e-20, -2.94781e-20, 3.81651e-20, 6.25656e-20, 2.44737e-20, 2.90818e-20, 6.37634e-20, 6.81789e-20, 1.87601e-15]
