[Oxide]
length               = 1e-7
relative_permitivity = 3.9
v_top                = 1
v_bottom             = 0
temperature          = 300
electron_affinity    = 2.85

[Oxide.traps]
locations            = [0.00000001, 0.15, 0.2, 0.25, 0.3, 0.35, 0.4, 0.45, 0.5, 0.55, 0.6, 0.65, 0.7, 0.75, 0.8, 0.85, 0.99999999]
trap_energy          = [0, 0, 0, 0, 0, 0, 0, 0, 0, 0, 0, 0, 0, 0, 0 ,0, 0]  # in eV

[Oxide.transport]
mobility             = 5e-2
m_eff                = 0.42
nu_0                 = 1
relaxation_distance  = 5e-10

[Oxide.SimParams]
chunk_size = 100